Days  Uninfected Infected  Recovered  Deaths
0   4599878   117   0   0
2   4599834   161   0   0
4   4599777   218   0   0
6   4599709   286   0   0
8   4599622   373   0   0
10   4599523   472   0   0
12   4599427   568   0   0
14   4599312   683   0   0
16   4599272   722   1   0
18   4599244   734   17   0
20   4599224   722   49   0
22   4599205   679   110   1
24   4599191   626   177   1
26   4599184   570   239   2
28   4599173   510   310   2
30   4599156   454   383   2
32   4599142   393   457   3
34   4599129   313   550   3
36   4599111   232   648   4
38   4599088   191   712   4
40   4599066   183   741   5
42   4599042   184   764   5
44   4599016   192   782   5
46   4599001   197   792   5
48   4598977   205   807   6
50   4598931   239   819   6
52   4598888   268   833   6
54   4598839   301   849   6
56   4598775   347   867   6
58   4598693   412   884   6
60   4598606   482   901   6
62   4598513   554   922   6
64   4598402   641   946   6
66   4598271   752   966   6
68   4598111   887   990   7
70   4597946   1018   1023   8
72   4597726   1195   1066   8
74   4597533   1345   1109   8
76   4597268   1551   1167   9
78   4596971   1786   1229   9
80   4596638   2035   1312   10
82   4596286   2303   1395   11
84   4595861   2638   1485   11
86   4595373   3007   1602   13
88   4594796   3455   1727   17
90   4594213   3883   1879   20
92   4593499   4424   2051   21
94   4592688   5047   2237   23
96   4591763   5757   2448   27
98   4590741   6514   2710   30
100   4589531   7423   3009   32
102   4588147   8456   3359   33
104   4586528   9686   3741   40
106   4584760   11009   4184   42
108   4582735   12563   4652   45
110   4580371   14401   5172   51
112   4577729   16375   5837   54
114   4574725   18671   6537   62
116   4571298   21228   7395   74
118   4567501   24106   8310   78
120   4562993   27578   9330   94
122   4558002   31360   10528   105
124   4552299   35648   11931   117
126   4545857   40422   13589   127
128   4538485   46050   15322   138
130   4530223   52230   17385   157
132   4520807   59275   19730   183
134   4510206   67275   22306   208
136   4498217   76243   25294   241
138   4484441   86443   28833   278
140   4469131   97772   32767   325
142   4452086   110401   37149   359
144   4432872   124466   42253   404
146   4411065   140484   47984   462
148   4387137   157871   54463   524
150   4360532   177100   61756   607
152   4330713   198451   70152   679
154   4297777   221923   79529   766
156   4261712   247144   90260   879
158   4222273   274245   102469   1008
160   4179319   303501   116045   1130
162   4132391   334897   131450   1257
164   4081693   368118   148774   1410
166   4027359   402986   168055   1595
168   3969527   439034   189645   1789
170   3908290   476178   213525   2002
172   3843831   513485   240407   2272
174   3776752   550607   270140   2496
176   3706859   587197   303168   2771
178   3634921   622843   339123   3108
180   3561537   656761   378261   3436
182   3487784   687151   421228   3832
184   3414007   714228   467514   4246
186   3339983   737488   517845   4679
188   3267223   755710   571939   5123
190   3195909   769515   629047   5524
192   3126939   777227   689874   5955
194   3060554   779477   753555   6409
196   2997581   775656   819922   6836
198   2937752   766033   888918   7292
200   2882065   750486   959676   7768
202   2830236   728982   1032516   8261
204   2781557   703975   1105736   8727
206   2736543   675541   1178762   9149
208   2695375   643736   1251287   9597
210   2657892   609303   1322796   10004
212   2624160   572033   1393401   10401
214   2593269   534702   1461254   10770
216   2565431   496417   1527032   11115
218   2540318   458771   1589457   11449
220   2517902   421646   1648684   11763
222   2497943   386090   1703927   12035
224   2479917   352071   1755717   12290
226   2463954   319764   1803761   12516
228   2449651   288989   1848619   12736
230   2437089   260444   1889524   12938
232   2425951   234138   1926789   13117
234   2416231   209903   1960581   13280
236   2407637   187626   1991310   13422
238   2400038   167306   2019115   13536
240   2393301   148841   2044222   13631
242   2387422   132100   2066747   13726
244   2382417   117022   2086730   13826
246   2377915   103422   2104749   13909
248   2373928   91378   2120716   13973
250   2370460   80400   2135081   14054
252   2367513   70577   2147805   14100
254   2364754   62131   2158963   14147
256   2362377   54647   2168768   14203
258   2360216   48124   2177422   14233
260   2358358   42315   2185052   14270
262   2356692   37284   2191715   14304
264   2355264   32783   2197622   14326
266   2353975   28850   2202825   14345
268   2352846   25403   2207375   14371
270   2351878   22425   2211300   14392
272   2351048   19778   2214770   14399
274   2350320   17421   2217849   14405
276   2349630   15388   2220558   14419
278   2349067   13414   2223082   14432
280   2348562   11768   2225224   14441
282   2348084   10362   2227102   14447
284   2347719   9074   2228751   14451
286   2347360   7985   2230194   14456
288   2347076   6982   2231478   14459
290   2346834   6085   2232613   14463
292   2346598   5335   2233596   14466
294   2346387   4711   2234428   14469
296   2346215   4144   2235166   14470
298   2346071   3616   2235834   14474
300   2345919   3180   2236419   14477
302   2345796   2784   2236937   14478
304   2345694   2465   2237356   14480
306   2345596   2183   2237736   14480
308   2345503   1929   2238081   14482
310   2345438   1669   2238404   14484
312   2345362   1466   2238683   14484
314   2345313   1295   2238903   14484
316   2345257   1134   2239118   14486
318   2345220   993   2239296   14486
320   2345183   864   2239462   14486
322   2345149   773   2239587   14486
324   2345125   671   2239713   14486
326   2345101   603   2239804   14487
328   2345076   534   2239898   14487
330   2345059   459   2239990   14487
332   2345042   402   2240064   14487
334   2345025   358   2240125   14487
336   2345006   310   2240191   14488
338   2344993   267   2240247   14488
340   2344978   243   2240286   14488
342   2344963   216   2240328   14488
344   2344952   202   2240352   14489
346   2344938   186   2240382   14489
348   2344929   171   2240406   14489
350   2344920   159   2240427   14489
352   2344915   145   2240446   14489
354   2344910   126   2240470   14489
356   2344906   116   2240484   14489
358   2344904   100   2240502   14489
360   2344900   87   2240519   14489
362   2344897   82   2240527   14489
364   2344893   71   2240542   14489
366   2344892   63   2240551   14489
368   2344891   45   2240570   14489
370   2344890   40   2240576   14489
372   2344889   30   2240587   14489
374   2344889   24   2240593   14489
376   2344889   20   2240597   14489
378   2344888   20   2240598   14489
380   2344888   17   2240601   14489
382   2344888   13   2240605   14489
384   2344888   9   2240609   14489
386   2344888   8   2240610   14489
388   2344887   7   2240612   14489
390   2344887   6   2240613   14489
392   2344887   5   2240614   14489
394   2344886   3   2240617   14489
396   2344886   2   2240617   14490
398   2344886   2   2240617   14490
